Position: 4.033098551566331,0.6521674150637345,-4.9827194097823435e-06, Orientation: 0.00010910151161957206,3.427695031895314e-06,0.22713416772774525,0.9738634698640952
Position: 5.740418456523294,1.68270402659652,0.00022455392369330474, Orientation: 0.0009045824879674433,-0.0008454662629518399,0.245889542362735,0.9692970648227329
